13.342505475076084
12.837912674569276
12.355216614592184
11.89368339762024
11.452606982177208
11.03136110754833
10.629214312479693
10.245292426028215
9.878350534532906
9.52835888996552
9.194306430307543
8.875517937368672
8.571298565931516
8.281393841008132
8.004725394587012
7.740512741911172
7.48838891048254
7.247893329407678
7.0183636889503065
6.799027680335861
6.5895912881702285
6.389372014772638
6.198078618405119
6.01518033358231
5.840246481078955
5.672827268916818
5.512495025756518
5.359036968897749
5.211996997686814
5.071021114453377
4.935674009214697
4.8055803859016155
4.680547101073757
4.560457283184848
4.445028679382348
4.33397199836851
4.226910770556669
4.123778191714589
4.024381567697252
3.9284246217192824
3.8358255962561274
3.746427248449635
3.6600248367095993
3.5765718194532297
3.4957968440171188
3.4175950824549384
3.341918401608171
3.2686026608766134
3.1976057223743064
3.1286658615841065
3.061749194864242
2.9968139843948127
2.933732206033737
2.872437555166596
2.8128605431426092
2.7548018024141077
2.6983405671409764
2.6433602723825973
2.5898322488512937
2.5376707145989883
2.486761983642192
2.4371518201218993
2.388688654232455
2.3414121394121112
2.295197536394675
2.2500974158132956
2.2059937459049355
2.1628815335568286
2.1206805665792263
2.0793393152236126
2.038953417283499
1.9993448507585518
1.96061434462734
1.9226747691335142
1.885429386916492
1.848941599978905
1.8132179973035627
1.7781660729055866
1.7437304457908656
1.7099762567445231
1.6768277639025608
1.644262362913595
1.612317497091635
1.5809172779952863
1.5500954043602966
1.5197770376411626
1.4899830154602045
1.4606929281724066
1.4319309361898829
1.4036172801197075
1.375773501775004
1.3483950117499228
1.3214146574619632
1.2948865021563483
1.2687547734041684
1.2430992025718326
1.2177629466757527
1.1928690880107822
1.1683455836083585
1.1442092145654512
1.1204507405486295
1.0970189375221726
1.073934391652474
1.0512117522379039
1.0288299366077571
1.0067845995056737
0.9850745294654656
0.9636699619662495
0.9425208293833517
0.9217458949989578
0.9012555968154391
0.8810632805721577
0.8610939872673352
0.8414797572244742
0.8221935621380817
0.8030746660267019
0.7842690643714453
0.7657703536426174
0.7475248474840617
0.7295365378537126
0.711756652942239
0.6943175140372261
0.6770839752395214
0.6600460927032044
0.6433673649508506
0.6269278555245185
0.6106364850338485
0.5946906154446484
0.5790024892434364
0.563480140103144
0.5481607777189996
0.5331876210788599
0.5183138251004553
0.5038272526048393
0.48951992950482015
0.47543710786099175
0.46157133835911346
0.4479565432576922
0.4345905409420041
0.4214662323045705
0.4085070879606403
0.39584065101669375
0.3833672645776033
0.37114784384371097
0.35911370231509354
0.34736423493775825
0.33575865334957083
0.3244122572872119
0.31336123516572295
0.30242153655946263
0.2917858133208863
0.28137690264881543
0.2712125603502769
0.261192816364705
0.25147014398838835
0.2419220521753679
0.23263699327081086
0.22358673773186166
0.2147478846485032
0.20608990257422385
0.19766598215186
0.1895153700665804
0.18154191463599229
0.1738276998003419
0.1663115783123166
0.15896740558791936
0.15199597251636063
0.1450642130674584
0.13844044251016407
0.1319482201858984
0.12577413602215132
0.11977717837744242
0.11395830800301092
0.10843629388725887
0.10292020984498355
0.09784910679749555
0.09278530756931522
0.0880511815810044
0.08342597049441655
0.07909276754982277
0.07488079951992596
0.0708683519168838
0.06710292036537736
0.06333593682213122
0.05991532457063865
0.05652921392481268
0.053408517112853174
0.05029832126051973
0.047539812155854094
0.044783652762205854
0.042357206008227295
0.03996488622216002
0.03760339968200547
0.035541529744109436
0.03356255947466251
0.03157341632435281
0.03008044284053572
0.028352823085832167
0.026765743096272533
0.025439678346249394
0.024043478973104264
0.02276000737396889
0.021708945483169387
0.020598528686832714
0.01954321020789297
0.01862177078020903
0.017672561590938777
0.017033549639833112
0.01630477688248849
0.01550937338081218
0.014868300116598005
0.01423112869257149
0.013774597735280572
0.013420065412803606
0.01298853659485244
0.012471999269600353
0.012111124446992867
0.011811152210321599
0.011478601361250677
0.011267568054099963
0.01105725352521671
0.01062834462330144
0.010622418279872963
0.010247553439828656
0.010035315678023873
0.00991215893810349
0.009759108073216022
0.009780295231874625
0.009610439197664942
0.00937862364996787
0.009327990771921962
0.009226679735438894
0.00913647749471053
0.009211686326438063
0.008972432511851643
0.008856457498168416
0.008896963194594184
0.008953877725685334
0.008878733302168308
0.008844965317024979
0.008719598269561687
0.00878626895486971
0.00868376845993546
0.008561827375741914
0.008553331022107313
0.008605462744164408
0.008518027255128426
0.008563078111753343
0.008593597179937454
0.008507044241175574
0.008507044241175574