19.956954410532795
19.202152908296735
18.481513039466105
17.794048783925057
17.137723812085223
16.510531906013636
15.911994719515452
15.34052223997748
14.79495759822904
14.274813693695867
13.778750967896226
13.305516602389684
12.854056142224792
12.423338971552935
12.012290896633044
11.620074211234892
11.245760960653678
10.888610479328717
10.547425228594468
10.221724908263672
9.91052719367912
9.613105188234416
9.328856303556842
9.057221845732181
8.79700033199525
8.54794609758271
8.309480385770689
8.080918551555374
7.861892656945312
7.651790922860007
7.450209080879517
7.256756014944808
7.070946787769128
6.892413120614714
6.720689322567317
6.555545386638618
6.396576390360079
6.24345948460218
6.09592783530908
5.953710040058789
5.816459516544155
5.683991422099042
5.556083883541277
5.432401530494198
5.312881191697918
5.197236893057431
5.085293407635299
4.976926348954255
4.871837749389278
4.7699749362585475
4.671113626746006
4.5751823220472945
4.482019646858395
4.391452637946631
4.303438192931436
4.217816028450974
4.134505893426859
4.053374973565698
3.9743786997279686
3.897388477484715
3.822326928102227
3.7491185914792142
3.6776995202736877
3.6079522566434927
3.5399204782706004
3.4733520708105163
3.408330975412329
3.344786594170299
3.2826272736904456
3.2218101579887946
3.1623005847227303
3.104018111199444
3.0469554683615416
2.9910485067074215
2.9362532561699015
2.8825431179904566
2.829860908381396
2.7782129752827296
2.727496487550074
2.67773598013836
2.6289010815912808
2.580910601725267
2.5337965057614986
2.4875023211624105
2.4420050306674423
2.397287615111732
2.353333960525398
2.3100996077122207
2.2675828601949597
2.225758704437179
2.1845986255394703
2.144099567838291
2.104234778836091
2.0649865582035303
2.02632651967213
1.9882601694893054
1.9507585711017505
1.9138421012763127
1.8774392897463672
1.8415833663683032
1.8062382486680817
1.771397827563011
1.7370412358527247
1.703184273723216
1.6697895397477183
1.636868736339644
1.6044003306128118
1.5723538938109893
1.540761659018887
1.509607007619241
1.4788307373702596
1.4484907337884911
1.4185506989655707
1.3890068372843387
1.3598514530583776
1.331075212738561
1.302675176228992
1.2746519371541996
1.246993382424949
1.2196929226252922
1.1927413874553665
1.16614234007102
1.1398933955263133
1.113984582581618
1.0884129178256412
1.0631855854085424
1.0382714948355574
1.013692119169882
0.9894401355851357
0.9655072478814064
0.9418876822541826
0.9185802110066335
0.8955947031366617
0.8729166347958529
0.8505487789603433
0.8284904244210377
0.8067262355966338
0.7852731630156184
0.7641292017049051
0.7432782231978294
0.7227325197104512
0.7024876391567264
0.6825453675207146
0.6628939658120653
0.6435488065436982
0.624493913092301
0.6057463670140232
0.5872920881876846
0.5691385678669196
0.5512918817996502
0.5337304071682957
0.4899350713781295
0.4483493972781205
0.40894045315743754
0.3717035740684747
0.3366098924515577
0.3036404895206114
0.2727647682468721
0.2439442889367945
0.21713791074364752
0.19230358530820557
0.16938653032619175
0.14833522294358015
0.12908313466469917
0.11158261290305899
0.09576172373025522
0.08154237408227387
0.0688520867343938
0.05761500368133461
0.04775248417294654
0.03918209490635978
0.03181025927527481
0.02555233781480201
0.020319573244743386
0.01602286391529886
0.012565308350885816
0.009861534986690701
0.007822063883832789
0.00635635325893463
0.005384193531841762
0.00482057306566229
0.0045906424197590615
0.004621910274739765
0.004854058609194565
0.005224135571142795
0.005679623179016218
0.006177395951614481
0.0066784644405075665
0.007153461443801758
0.007578135309363688
0.00793487808692718
0.008213475802529855
0.008406361187430713
0.008514186964014592
0.008538806827532159
0.008486540545465993
0.008364649273086833
0.00818478061609603
0.007954887979293035
0.007689790436779635
0.00739948057650202
0.0070948032123410295
0.0067857105087031746
0.006478898782389798
0.006186135869751614
0.005909917502828428
0.005655199462232818
0.0054266036356249055
0.005226234881934247
0.005053713251503413
0.004909984860482345
0.004794325272832697
0.004705138933558911
0.004638650743523458
0.004592313442780733
0.004563988893765307
0.004550422294835895
0.004548284234176239
0.004555703392350645
0.004568617004253796
0.004585414385742057
0.004604305339794121
0.004622574289169511
0.004639245929539399
0.00465422389714571
0.004666298793035676
0.00467472038454593
0.00467984921261844
0.00468148930723136
0.00467995348168129
0.004675201993098548
0.004667370534063321
0.004658849304816486
0.004648314633931863
0.004636561540066813
0.004624484688922546
0.004612326955721769
0.004601378960557106
0.0045905076713005375
0.004580761378132864
0.0045717345998074295
0.004564278491792135
0.004557995319056064
0.004553006962992754
0.004549092271518424
0.004545562506913295
0.004543657399578522
0.00454271790414523
0.004542333600347499
0.004542282588088319
0.004542258458059387
0.0045428530035950794
0.0045436335267874705
0.004543795264194569
0.004544496474472994
0.004544638691540323
0.00454509770282832
0.0045452418113502814
0.0045449155116951976
0.004544791530196376
0.0045440363923270775
0.004543677411621212
0.004543411453572602
0.004542848867160787
0.004542249799321161
0.00454163633977621
0.0045407898931854075
0.004540238802255362
0.004539418258244345
0.0045385672845636525
0.004538171702019614
0.004538456382064575
0.004537601967682199
0.004537889678941272
0.0045380798299135185
0.004537509278403366
0.004537505644358999
0.00453745236123636
0.004537223032714872
0.004536696072970283
0.004536503363295588
0.004537368251464669
0.004536424881977371
0.0045366058949083375
0.004536766972322056
0.00453661620822691
0.0045363033465623545
0.004535860395046985
0.004535954387492831
0.004535790913933739
0.004534636115364937
0.0045346624147820655
0.004533969135514594
0.004534441337970841
0.00453405346218131
0.004533932086335085
0.004533410025466642
0.004533281926796453
0.0045334061327410215
0.004532655999504515
0.004532655999504515