1.0863433118671237
1.140612817788471
1.0376163282259552
1.4456472713998605
0.9543532217587415
0.9893691347502259
3.908534520792534
2.0038403059843986
-3.409592630021177
2.1543497893894767
0.36841949324670964
2.335075620031745
1.7866524881985184
1.801618563470203
-0.6380114798848676
1.6306260662130063
4.824524675296041
0.29855251117005027
-2.4731372978272304
1.3713215795256746
0.8274955227649572
3.617496853142028
3.323548075003049
-2.3717338352406427
0.33196133376860604
0.605537683374859
3.258879670127159
3.5634155977306774
-2.610840407267707
0.9276779342581676
0.4815389405794851
4.99432925973222
1.4430822928883866
-2.0504040448870184
0.7803567178874788
1.3849485751460229
5.259797505118357
-0.03542125000295841
-0.9597984251276145
0.028786937117650933
2.188917536486964
4.991638743071066
-0.6169460561015441
-1.682734800579925
0.762440347735342
1.1220205268965675
4.1086736718527685
1.694393052082813
-3.2154303496042855
1.9362294711577563
0.011686562610154333
3.176380942982105
2.5740767526483284
-3.137865722346122
3.0255877442153487
