0.3242103570627912
0.3576879155877013
0.27435097746113213
0.687740629598993
0.19965542040594286
2.2915595458632203
2.5059383854356794
2.541738651592848
4.588263348623243
2.1055540438871536
2.2915597648350423
2.5059392002607255
2.541738910986832
4.588263432039034
2.105554096771792
2.291559514989518
2.505938099398237
2.541738571051481
4.588263424218445
2.1055541062689724
2.2915602407022946
2.505939945681235
2.5417394819220758
4.58826385317299
2.10555452800561
2.291560672627662
2.5059421022675195
2.5417401740959904
4.588263954500694
2.1055546207779683
2.291559574945284
2.5059385450937
2.54173864570161
4.588263408820051
2.1055540784256914
2.2915597746669496
2.5059386440023155
2.5417388550970506
4.588263606142874
2.105554281661226
2.2915597024503844
2.5059390380508098
2.541738827587594
4.588263403806549
2.1055540792903433
2.2915595803069277
2.505938774054222
2.5417386983843735
4.5882633615274235
2.1055540540915176
2.2915596878080984
2.505939306697613
2.541738984811239
4.588263370510949
2.1055540887398707
