1.0863433118671237
1.140612817788471
1.0376163282259552
1.4456472713998605
0.9543532217587415
0.6017219021194576
1.0122363550109486
0.8773120544143744
2.8566292110154703
0.37518363373074864
0.5910647374279134
0.9954733783039381
0.9602379089199616
2.8521854934001563
0.36723970520684807
0.6047159046691617
1.0100553266559011
0.8729647767883376
2.859428574836574
0.3775760061340016
0.6209842288393665
1.053192273265482
0.9131965849188965
2.8703040733831506
0.3854103889459451
0.6221141094507485
1.0696163304360409
0.9269146695719928
2.870737277247273
0.38252483808640325
0.6041259015013443
1.0106827243770795
0.8748670667107749
2.8596281256419442
0.3762393558273237
0.6729736101580003
1.0134051230135253
0.8734050618167407
2.8597923237452307
0.37668342451849857
0.6052089811273347
1.0033582075978282
0.8712516661322238
2.8601463975133905
0.37768513646751645
0.6014264488286092
0.9991432720213457
0.8736401637645965
2.862499857537756
0.3794171979512192
0.5901826629535543
1.0761050078283125
0.900738955330472
2.841245244855406
0.3632589439606504
